 25    11      677.12        -1.67         9.05         9.72
 25    12      673.78         1.67        26.15         9.73
 25    13      676.95        -1.50        43.24         9.69
 25    14      674.05         1.40        60.34         9.67
 25    15      676.87        -1.42        77.44         9.68
 25    16      674.32         1.13        94.53         9.59
 25    17      676.43         -.98       111.63         9.53
 25    18      674.51          .94       128.73         9.51
 25    19      676.11         -.66       145.82         9.48
 25    20      674.94          .51       162.92         9.44
 26    11      660.02        -1.67         9.05         9.74
 26    12      656.76         1.59        26.15         9.70
 26    13      659.93        -1.58        43.24         9.73
 26    14      656.83         1.52        60.34         9.72
 26    15      659.75        -1.40        77.44         9.64
 26    16      657.10         1.25        94.53         9.63
 26    17      659.44        -1.09       111.63         9.59
 26    18      657.51          .84       128.73         9.48
 26    19      659.05         -.70       145.82         9.49
 26    20      657.84          .51       162.92         9.46
 27    11      642.96        -1.71         9.05         9.77
 27    12      639.62         1.63        26.15         9.75
 27    13      642.84        -1.59        43.24         9.70
 27    14      639.75         1.50        60.34         9.67
 27    15      642.67        -1.42        77.44         9.66
 27    16      639.88         1.37        94.53         9.65
 27    17      642.36        -1.11       111.63         9.56
 27    18      640.37          .88       128.73         9.54
 27    19      641.93         -.68       145.82         9.47
 27    20      640.73          .52       162.92         9.48
 28    11      625.87        -1.72         9.05         9.76
 28    12      622.42         1.73        26.15         9.77
 28    13      625.68        -1.53        43.24         9.69
 28    14      622.72         1.43        60.34         9.65
 28    15      625.54        -1.39        77.44         9.61
 28    16      622.86         1.29        94.53         9.58
 28    17      625.21        -1.06       111.63         9.51
 28    18      623.20          .95       128.73         9.54
 28    19      624.82         -.67       145.82         9.48
 28    20      623.64          .51       162.92         9.43
 29    11      608.77        -1.72         9.05         9.74
 29    12      605.41         1.64        26.15         9.70
 29    13      608.58        -1.53        43.24         9.70
 29    14      605.54         1.51        60.34         9.70
 29    15      608.29        -1.24        77.44         9.57
 29    16      605.82         1.23        94.53         9.56
 29    17      608.06        -1.01       111.63         9.55
 29    18      606.13          .92       128.73         9.49
 29    19      607.74         -.69       145.82         9.48
 29    20      606.57          .48       162.92         9.45
 30    11      591.63        -1.68         9.05         9.74
 30    12      588.36         1.59        26.15         9.71
 30    13      591.55        -1.60        43.24         9.72
 30    14      588.50         1.45        60.34         9.65
 30    15      591.28        -1.33        77.44         9.65
 30    16      588.82         1.13        94.53         9.57
 30    17      591.02        -1.07       111.63         9.56
 30    18      589.09          .86       128.73         9.49
 30    19      590.62         -.67       145.82         9.46
 30    20      589.42          .53       162.92         9.49
 31    11      574.55        -1.70         9.05         9.76
 31    12      571.17         1.68        26.15         9.77
 31    13      574.39        -1.54        43.24         9.69
 31    14      571.39         1.46        60.34         9.68
 31    15      574.28        -1.43        77.44         9.68
 31    16      571.59         1.26        94.53         9.63
 31    17      573.91        -1.06       111.63         9.55
 31    18      571.94          .91       128.73         9.54
 31    19      573.50         -.65       145.82         9.48
 31    20      572.31          .54       162.92         9.45
 32    11      557.49        -1.74         9.05         9.77
 32    12      554.08         1.67        26.15         9.73
 32    13      557.30        -1.55        43.24         9.70
 32    14      554.26         1.49        60.34         9.68
 32    15      557.16        -1.41        77.44         9.64
 32    16      554.38         1.37        94.53         9.65
 32    17      556.85        -1.10       111.63         9.58
 32    18      554.83          .92       128.73         9.50
 32    19      556.46         -.71       145.82         9.51
 32    20      555.25          .50       162.92         9.44