 49    11      266.75        -1.70         9.05         9.74
 49    12      263.34         1.71        26.15         9.75
 49    13      266.56        -1.51        43.24         9.69
 49    14      263.61         1.44        60.34         9.69
 49    15      266.50        -1.45        77.44         9.69
 49    16      263.82         1.23        94.53         9.59
 49    17      266.10        -1.05       111.63         9.51
 49    18      264.12          .93       128.73         9.54
 49    19      265.76         -.71       145.82         9.48
 49    20      264.52          .53       162.92         9.50
 50    11      249.68        -1.73         9.05         9.77
 50    12      246.29         1.66        26.15         9.72
 50    13      249.56        -1.61        43.24         9.74
 50    14      246.40         1.55        60.34         9.72
 50    15      249.34        -1.39        77.44         9.62
 50    16      246.74         1.21        94.53         9.58
 50    17      248.95        -1.00       111.63         9.54
 50    18      247.04          .91       128.73         9.49
 50    19      248.63         -.68       145.82         9.48
 50    20      247.42          .53       162.92         9.45
 51    11      232.55        -1.70         9.05         9.74
 51    12      229.22         1.63        26.15         9.73
 51    13      232.48        -1.63        43.24         9.72
 51    14      229.33         1.52        60.34         9.67
 51    15      232.18        -1.33        77.44         9.62
 51    16      229.61         1.24        94.53         9.61
 51    17      231.94        -1.09       111.63         9.63
 51    18      229.98          .87       128.73         9.51
 51    19      231.53         -.68       145.82         9.49
 51    20      230.35          .50       162.92         9.47
 52    11      215.46        -1.71         9.05         9.76
 52    12      212.06         1.69        26.15         9.75
 52    13      215.30        -1.55        43.24         9.67
 52    14      212.33         1.42        60.34         9.65
 52    15      215.14        -1.39        77.44         9.65
 52    16      212.60         1.15        94.53         9.58
 52    17      214.97        -1.22       111.63         9.60
 52    18      212.89          .86       128.73         9.57
 52    19      214.45         -.70       145.82         9.49
 52    20      213.24          .51       162.92         9.46
 53    11      198.40        -1.75         9.05         9.77
 53    12      194.95         1.70        26.15         9.75
 53    13      198.18        -1.53        43.24         9.71
 53    14      195.13         1.52        60.34         9.71
 53    15      198.05        -1.40        77.44         9.67
 53    16      195.34         1.31        94.53         9.65
 53    17      197.66        -1.01       111.63         9.50
 53    18      195.64         1.01       128.73         9.56
 53    19      197.33         -.68       145.82         9.52
 53    20      196.13          .52       162.92         9.49
 54    11      181.25        -1.70         9.05         9.74
 54    12      177.91         1.64        26.15         9.72
 54    13      181.21        -1.66        43.24         9.76
 54    14      178.05         1.50        60.34         9.68
 54    15      181.00        -1.45        77.44         9.66
 54    16      178.25         1.30        94.53         9.61
 54    17      180.62        -1.07       111.63         9.59
 54    18      178.68          .87       128.73         9.47
 54    19      180.30         -.75       145.82         9.50
 54    20      179.04          .51       162.92         9.47
 55    11      164.12        -1.67         9.05         9.74
 55    12      160.80         1.65        26.15         9.75
 55    13      164.04        -1.59        43.24         9.68
 55    14      160.95         1.50        60.34         9.69
 55    15      163.78        -1.33        77.44         9.60
 55    16      161.23         1.22        94.53         9.59
 55    17      163.54        -1.09       111.63         9.57
 55    18      161.62          .83       128.73         9.52
 55    19      163.10         -.65       145.82         9.43
 55    20      161.91          .54       162.92         9.49
 56    11      147.10        -1.75         9.05         9.79
 56    12      143.62         1.73        26.15         9.76
 56    13      146.88        -1.53        43.24         9.69
 56    14      143.82         1.53        60.34         9.66
 56    15      146.54        -1.19        77.44         9.57
 56    16      144.15         1.20        94.53         9.57
 56    17      146.42        -1.07       111.63         9.56
 56    18      144.43          .92       128.73         9.57
 56    19      145.99         -.64       145.82         9.52
 56    20      144.83          .52       162.92         9.43