 57    11      130.04        -1.79         9.05         9.77
 57    12      126.62         1.63        26.15         9.72
 57    13      129.83        -1.58        43.24         9.71
 57    14      126.84         1.41        60.34         9.64
 57    15      129.59        -1.34        77.44         9.67
 57    16      127.03         1.22        94.53         9.61
 57    17      129.34        -1.09       111.63         9.59
 57    18      127.30          .95       128.73         9.53
 57    19      128.96         -.71       145.82         9.52
 57    20      127.78          .47       162.92         9.47
 58    11      112.79        -1.64         9.05         9.71
 58    12      109.47         1.68        26.15         9.74
 58    13      112.73        -1.58        43.24         9.73
 58    14      109.63         1.52        60.34         9.74
 58    15      112.63        -1.48        77.44         9.69
 58    16      109.91         1.24        94.53         9.61
 58    17      112.21        -1.06       111.63         9.56
 58    18      110.24          .91       128.73         9.53
 58    19      111.86         -.71       145.82         9.46
 58    20      110.63          .52       162.92         9.51
 59    11       95.78        -1.73         9.05         9.78
 59    12       92.38         1.67        26.15         9.74
 59    13       95.67        -1.62        43.24         9.72
 59    14       92.46         1.59        60.34         9.72
 59    15       95.45        -1.40        77.44         9.61
 59    16       92.88         1.17        94.53         9.58
 59    17       95.10        -1.05       111.63         9.55
 59    18       93.14          .91       128.73         9.52
 59    19       94.70         -.65       145.82         9.48
 59    20       93.51          .54       162.92         9.45
 60    11       78.69        -1.74         9.05         9.76
 60    12       75.27         1.68        26.15         9.75
 60    13       78.50        -1.55        43.24         9.68
 60    14       75.42         1.53        60.34         9.65
 60    15       78.14        -1.19        77.44         9.55
 60    16       75.67         1.28        94.53         9.63
 60    17       78.01        -1.06       111.63         9.57
 60    18       76.07          .88       128.73         9.51
 60    19       77.62         -.67       145.82         9.50
 60    20       76.46          .49       162.92         9.46
 61    11       61.58        -1.73         9.05         9.76
 61    12       58.16         1.69        26.15         9.74
 61    13       61.41        -1.56        43.24         9.70
 61    14       58.44         1.41        60.34         9.63
 61    15       61.15        -1.30        77.44         9.66
 61    16       58.55         1.30        94.53         9.63
 61    17       61.02        -1.17       111.63         9.60
 61    18       59.00          .85       128.73         9.54
 61    19       60.55         -.70       145.82         9.50
 61    20       59.34          .51       162.92         9.48
 62    11       44.46        -1.71         9.05         9.74
 62    12       41.08         1.67        26.15         9.73
 62    13       44.32        -1.57        43.24         9.73
 62    14       41.24         1.51        60.34         9.74
 62    15       44.25        -1.50        77.44         9.73
 62    16       41.40         1.35        94.53         9.64
 62    17       43.79        -1.04       111.63         9.50
 62    18       41.79          .96       128.73         9.55
 62    19       43.42         -.67       145.82         9.49
 62    20       42.21          .54       162.92         9.49
 63    11       27.37        -1.72         9.05         9.76
 63    12       24.02         1.63        26.15         9.72
 63    13       27.26        -1.61        43.24         9.72
 63    14       24.05         1.60        60.34         9.72
 63    15       27.12        -1.47        77.44         9.64
 63    16       24.33         1.32        94.53         9.61
 63    17       26.71        -1.06       111.63         9.58
 63    18       24.76          .89       128.73         9.49
 63    19       26.37         -.72       145.82         9.50
 63    20       25.13          .52       162.92         9.46
 64    11       10.28        -1.73         9.05         9.77
 64    12        6.89         1.66        26.15         9.75
 64    13       10.13        -1.58        43.24         9.68
 64    14        7.08         1.47        60.34         9.64
 64    15        9.91        -1.36        77.44         9.60
 64    16        7.36         1.19        94.53         9.59
 64    17        9.69        -1.14       111.63         9.59
 64    18        7.68          .87       128.73         9.54
 64    19        9.23         -.68       145.82         9.46
 64    20        8.03          .52       162.92         9.48
