  1     1     1086.38         -.53      -162.92         9.47
  1     2     1085.15          .70      -145.82         9.50
  1     3     1086.77         -.92      -128.73         9.53
  1     4     1084.73         1.12      -111.63         9.57
  1     5     1087.13        -1.28       -94.53         9.61
  1     6     1084.46         1.39       -77.44         9.66
  1     7     1087.33        -1.48       -60.34         9.68
  1     8     1084.26         1.59       -43.24         9.71
  1     9     1087.53        -1.68       -26.15         9.74
  1    10     1084.11         1.74        -9.05         9.77
  2     1     1069.25         -.50      -162.92         9.45
  2     2     1068.05          .70      -145.82         9.48
  2     3     1069.66         -.91      -128.73         9.53
  2     4     1067.61         1.14      -111.63         9.57
  2     5     1069.96        -1.21       -94.53         9.58
  2     6     1067.33         1.42       -77.44         9.65
  2     7     1070.22        -1.47       -60.34         9.67
  2     8     1067.17         1.58       -43.24         9.71
  2     9     1070.42        -1.67       -26.15         9.73
  2    10     1067.05         1.70        -9.05         9.75
  3     1     1052.17         -.52      -162.92         9.48
  3     2     1050.97          .68      -145.82         9.49
  3     3     1052.58         -.93      -128.73         9.53
  3     4     1050.57         1.08      -111.63         9.55
  3     5     1052.91        -1.26       -94.53         9.63
  3     6     1050.27         1.38       -77.44         9.63
  3     7     1053.14        -1.49       -60.34         9.67
  3     8     1050.07         1.58       -43.24         9.70
  3     9     1053.29        -1.64       -26.15         9.73
  3    10     1049.91         1.74        -9.05         9.77
  4     1     1035.06         -.51      -162.92         9.47
  4     2     1033.85          .70      -145.82         9.51
  4     3     1035.44         -.89      -128.73         9.51
  4     4     1033.50         1.05      -111.63         9.57
  4     5     1035.91        -1.36       -94.53         9.66
  4     6     1033.13         1.42       -77.44         9.68
  4     7     1036.04        -1.49       -60.34         9.69
  4     8     1032.96         1.59       -43.24         9.71
  4     9     1036.19        -1.64       -26.15         9.73
  4    10     1032.85         1.70        -9.05         9.75
  5     1     1017.96         -.51      -162.92         9.46
  5     2     1016.76          .69      -145.82         9.46
  5     3     1018.32         -.87      -128.73         9.53
  5     4     1016.32         1.13      -111.63         9.60
  5     5     1018.75        -1.30       -94.53         9.61
  5     6     1016.00         1.45       -77.44         9.67
  5     7     1018.93        -1.48       -60.34         9.67
  5     8     1015.86         1.59       -43.24         9.71
  5     9     1019.11        -1.66       -26.15         9.74
  5    10     1015.72         1.73        -9.05         9.77
  6     1     1000.87         -.52      -162.92         9.46
  6     2      999.70          .65      -145.82         9.49
  6     3     1001.26         -.91      -128.73         9.53
  6     4      999.28         1.07      -111.63         9.53
  6     5     1001.54        -1.19       -94.53         9.55
  6     6      998.97         1.38       -77.44         9.63
  6     7     1001.85        -1.50       -60.34         9.67
  6     8      998.78         1.57       -43.24         9.70
  6     9     1002.01        -1.66       -26.15         9.73
  6    10      998.64         1.71        -9.05         9.75
  7     1      983.74         -.49      -162.92         9.47
  7     2      982.54          .71      -145.82         9.52
  7     3      984.15         -.90      -128.73         9.53
  7     4      982.17         1.08      -111.63         9.55
  7     5      984.41        -1.16       -94.53         9.61
  7     6      981.81         1.44       -77.44         9.68
  7     7      984.73        -1.48       -60.34         9.68
  7     8      981.64         1.61       -43.24         9.72
  7     9      984.90        -1.65       -26.15         9.73
  7    10      981.52         1.73        -9.05         9.77
  8     1      966.68         -.53      -162.92         9.48
  8     2      965.46          .69      -145.82         9.48
  8     3      967.07         -.92      -128.73         9.52
  8     4      965.10         1.05      -111.63         9.56
  8     5      967.42        -1.27       -94.53         9.63
  8     6      964.77         1.38       -77.44         9.62
  8     7      967.65        -1.50       -60.34         9.67
  8     8      964.59         1.56       -43.24         9.69
  8     9      967.80        -1.65       -26.15         9.73
  8    10      964.44         1.71        -9.05         9.75