 17     1      812.76         -.51      -162.92         9.47
 17     2      811.57          .68      -145.82         9.48
 17     3      813.11         -.86      -128.73         9.51
 17     4      811.15         1.10      -111.63         9.59
 17     5      813.49        -1.24       -94.53         9.65
 17     6      810.83         1.42       -77.44         9.67
 17     7      813.71        -1.46       -60.34         9.67
 17     8      810.66         1.59       -43.24         9.70
 17     9      813.92        -1.67       -26.15         9.73
 17    10      810.56         1.69        -9.05         9.75
 18     1      795.65         -.50      -162.92         9.47
 18     2      794.48          .67      -145.82         9.48
 18     3      796.04         -.89      -128.73         9.54
 18     4      794.05         1.10      -111.63         9.57
 18     5      796.52        -1.37       -94.53         9.64
 18     6      793.77         1.38       -77.44         9.65
 18     7      796.64        -1.49       -60.34         9.68
 18     8      793.58         1.57       -43.24         9.70
 18     9      796.80        -1.65       -26.15         9.73
 18    10      793.41         1.74        -9.05         9.77
 19     1      778.55         -.50      -162.92         9.45
 19     2      777.36          .69      -145.82         9.51
 19     3      778.97         -.92      -128.73         9.55
 19     4      776.91         1.14      -111.63         9.60
 19     5      779.36        -1.31       -94.53         9.62
 19     6      776.62         1.43       -77.44         9.66
 19     7      779.53        -1.48       -60.34         9.67
 19     8      776.46         1.59       -43.24         9.72
 19     9      779.69        -1.64       -26.15         9.73
 19    10      776.34         1.71        -9.05         9.75
 20     1      761.47         -.52      -162.92         9.49
 20     2      760.26          .69      -145.82         9.48
 20     3      761.85         -.90      -128.73         9.49
 20     4      759.90         1.05      -111.63         9.53
 20     5      762.20        -1.25       -94.53         9.58
 20     6      759.56         1.39       -77.44         9.64
 20     7      762.44        -1.49       -60.34         9.66
 20     8      759.37         1.58       -43.24         9.70
 20     9      762.61        -1.66       -26.15         9.74
 20    10      759.22         1.73        -9.05         9.76
 21     1      744.38         -.53      -162.92         9.46
 21     2      743.17          .68      -145.82         9.48
 21     3      744.71         -.86      -128.73         9.52
 21     4      742.78         1.07      -111.63         9.57
 21     5      745.09        -1.24       -94.53         9.63
 21     6      742.42         1.43       -77.44         9.65
 21     7      745.32        -1.47       -60.34         9.68
 21     8      742.27         1.58       -43.24         9.71
 21     9      745.53        -1.68       -26.15         9.74
 21    10      742.15         1.70        -9.05         9.75
 22     1      727.26         -.51      -162.92         9.46
 22     2      726.07          .68      -145.82         9.48
 22     3      727.65         -.90      -128.73         9.55
 22     4      725.65         1.10      -111.63         9.60
 22     5      728.11        -1.36       -94.53         9.67
 22     6      725.37         1.38       -77.44         9.65
 22     7      728.24        -1.49       -60.34         9.67
 22     8      725.17         1.58       -43.24         9.71
 22     9      728.42        -1.67       -26.15         9.74
 22    10      725.00         1.75        -9.05         9.77
 23     1      710.16         -.50      -162.92         9.46
 23     2      708.97          .68      -145.82         9.50
 23     3      710.54         -.89      -128.73         9.50
 23     4      708.57         1.08      -111.63         9.55
 23     5      710.95        -1.30       -94.53         9.59
 23     6      708.23         1.42       -77.44         9.68
 23     7      711.14        -1.49       -60.34         9.68
 23     8      708.05         1.60       -43.24         9.72
 23     9      711.30        -1.65       -26.15         9.73
 23    10      707.95         1.70        -9.05         9.75
 24     1      693.06         -.51      -162.92         9.49
 24     2      691.85          .70      -145.82         9.48
 24     3      693.42         -.87      -128.73         9.52
 24     4      691.47         1.08      -111.63         9.55
 24     5      693.68        -1.13       -94.53         9.54
 24     6      691.10         1.45       -77.44         9.65
 24     7      694.02        -1.47       -60.34         9.67
 24     8      690.97         1.58       -43.24         9.70
 24     9      694.20        -1.65       -26.15         9.74
 24    10      690.83         1.72        -9.05         9.76