 33     1      539.18         -.53      -162.92         9.47
 33     2      537.95          .70      -145.82         9.50
 33     3      539.57         -.92      -128.73         9.53
 33     4      537.53         1.12      -111.63         9.57
 33     5      539.93        -1.28       -94.53         9.61
 33     6      537.26         1.39       -77.44         9.65
 33     7      540.14        -1.48       -60.34         9.68
 33     8      537.06         1.59       -43.24         9.71
 33     9      540.33        -1.68       -26.15         9.74
 33    10      536.91         1.74        -9.05         9.76
 34     1      522.05         -.50      -162.92         9.45
 34     2      520.85          .70      -145.82         9.48
 34     3      522.46         -.91      -128.73         9.53
 34     4      520.42         1.13      -111.63         9.57
 34     5      522.76        -1.21       -94.53         9.58
 34     6      520.13         1.42       -77.44         9.65
 34     7      523.02        -1.47       -60.34         9.67
 34     8      519.97         1.58       -43.24         9.71
 34     9      523.22        -1.67       -26.15         9.73
 34    10      519.85         1.70        -9.05         9.75
 35     1      504.97         -.52      -162.92         9.48
 35     2      503.77          .68      -145.82         9.49
 35     3      505.37         -.92      -128.73         9.52
 35     4      503.37         1.08      -111.63         9.55
 35     5      505.70        -1.25       -94.53         9.62
 35     6      503.07         1.38       -77.44         9.63
 35     7      505.94        -1.49       -60.34         9.67
 35     8      502.87         1.58       -43.24         9.70
 35     9      506.09        -1.64       -26.15         9.73
 35    10      502.71         1.74        -9.05         9.77
 36     1      487.87         -.52      -162.92         9.47
 36     2      486.65          .70      -145.82         9.51
 36     3      488.23         -.88      -128.73         9.51
 36     4      486.29         1.06      -111.63         9.57
 36     5      488.67        -1.32       -94.53         9.65
 36     6      485.92         1.43       -77.44         9.68
 36     7      488.84        -1.49       -60.34         9.69
 36     8      485.76         1.59       -43.24         9.71
 36     9      488.99        -1.64       -26.15         9.73
 36    10      485.65         1.70        -9.05         9.75
 37     1      470.75         -.50      -162.92         9.46
 37     2      469.56          .69      -145.82         9.46
 37     3      471.12         -.87      -128.73         9.52
 37     4      469.16         1.09      -111.63         9.59
 37     5      471.57        -1.32       -94.53         9.62
 37     6      468.83         1.42       -77.44         9.65
 37     7      471.72        -1.47       -60.34         9.67
 37     8      468.67         1.58       -43.24         9.71
 37     9      471.91        -1.66       -26.15         9.74
 37    10      468.52         1.73        -9.05         9.76
 38     1      453.66         -.51      -162.92         9.46
 38     2      452.49          .66      -145.82         9.48
 38     3      454.05         -.90      -128.73         9.54
 38     4      452.01         1.14      -111.63         9.57
 38     5      454.40        -1.25       -94.53         9.59
 38     6      451.76         1.39       -77.44         9.64
 38     7      454.64        -1.49       -60.34         9.67
 38     8      451.58         1.57       -43.24         9.71
 38     9      454.82        -1.67       -26.15         9.74
 38    10      451.44         1.71        -9.05         9.76
 39     1      436.56         -.51      -162.92         9.48
 39     2      435.37          .68      -145.82         9.51
 39     3      436.98         -.93      -128.73         9.55
 39     4      434.94         1.11      -111.63         9.56
 39     5      437.27        -1.22       -94.53         9.61
 39     6      434.61         1.45       -77.44         9.68
 39     7      437.53        -1.48       -60.34         9.69
 39     8      434.44         1.61       -43.24         9.72
 39     9      437.71        -1.66       -26.15         9.73
 39    10      434.32         1.73        -9.05         9.77
 40     1      419.47         -.52      -162.92         9.47
 40     2      418.25          .70      -145.82         9.49
 40     3      419.85         -.90      -128.73         9.49
 40     4      417.90         1.05      -111.63         9.54
 40     5      420.19        -1.24       -94.53         9.60
 40     6      417.55         1.40       -77.44         9.65
 40     7      420.45        -1.50       -60.34         9.67
 40     8      417.38         1.57       -43.24         9.70
 40     9      420.60        -1.65       -26.15         9.73
 40    10      417.25         1.70        -9.05         9.75