 41     1      402.36         -.51      -162.92         9.46
 41     2      401.15          .70      -145.82         9.48
 41     3      402.72         -.87      -128.73         9.54
 41     4      400.72         1.13      -111.63         9.58
 41     5      403.01        -1.16       -94.53         9.56
 41     6      400.43         1.42       -77.44         9.65
 41     7      403.30        -1.45       -60.34         9.67
 41     8      400.26         1.59       -43.24         9.71
 41     9      403.48        -1.63       -26.15         9.73
 41    10      400.12         1.73        -9.05         9.77
 42     1      385.26         -.51      -162.92         9.46
 42     2      384.09          .66      -145.82         9.48
 42     3      385.70         -.95      -128.73         9.56
 42     4      383.63         1.12      -111.63         9.57
 42     5      385.97        -1.22       -94.53         9.62
 42     6      383.38         1.37       -77.44         9.63
 42     7      386.25        -1.50       -60.34         9.68
 42     8      383.19         1.56       -43.24         9.70
 42     9      386.41        -1.66       -26.15         9.74
 42    10      383.05         1.70        -9.05         9.74
 43     1      368.15         -.50      -162.92         9.47
 43     2      366.95          .70      -145.82         9.51
 43     3      368.53         -.88      -128.73         9.49
 43     4      366.54         1.11      -111.63         9.56
 43     5      368.95        -1.30       -94.53         9.65
 43     6      366.22         1.43       -77.44         9.68
 43     7      369.13        -1.48       -60.34         9.68
 43     8      366.06         1.59       -43.24         9.72
 43     9      369.30        -1.65       -26.15         9.73
 43    10      365.94         1.71        -9.05         9.77
 44     1      351.07         -.52      -162.92         9.48
 44     2      349.87          .68      -145.82         9.47
 44     3      351.43         -.88      -128.73         9.53
 44     4      349.49         1.06      -111.63         9.56
 44     5      351.87        -1.32       -94.53         9.62
 44     6      349.14         1.41       -77.44         9.65
 44     7      352.04        -1.49       -60.34         9.67
 44     8      348.97         1.58       -43.24         9.70
 44     9      352.21        -1.66       -26.15         9.73
 44    10      348.83         1.72        -9.05         9.75
 45     1      333.97         -.52      -162.92         9.44
 45     2      332.80          .65      -145.82         9.48
 45     3      334.35         -.90      -128.73         9.54
 45     4      332.36         1.09      -111.63         9.57
 45     5      334.67        -1.22       -94.53         9.58
 45     6      332.03         1.42       -77.44         9.65
 45     7      334.91        -1.46       -60.34         9.67
 45     8      331.86         1.59       -43.24         9.71
 45     9      335.09        -1.64       -26.15         9.73
 45    10      331.72         1.73        -9.05         9.77
 46     1      316.85         -.50      -162.92         9.47
 46     2      315.68          .67      -145.82         9.51
 46     3      317.28         -.93      -128.73         9.54
 46     4      315.25         1.10      -111.63         9.57
 46     5      317.60        -1.25       -94.53         9.62
 46     6      314.97         1.38       -77.44         9.63
 46     7      317.85        -1.50       -60.34         9.67
 46     8      314.78         1.57       -43.24         9.70
 46     9      318.00        -1.65       -26.15         9.73
 46    10      314.64         1.71        -9.05         9.75
 47     1      299.76         -.50      -162.92         9.47
 47     2      298.55          .70      -145.82         9.50
 47     3      300.15         -.90      -128.73         9.51
 47     4      298.15         1.10      -111.63         9.58
 47     5      300.60        -1.35       -94.53         9.66
 47     6      297.84         1.41       -77.44         9.68
 47     7      300.73        -1.48       -60.34         9.68
 47     8      297.66         1.59       -43.24         9.71
 47     9      300.90        -1.65       -26.15         9.73
 47    10      297.53         1.72        -9.05         9.77
 48     1      282.66         -.51      -162.92         9.47
 48     2      281.45          .70      -145.82         9.47
 48     3      283.01         -.86      -128.73         9.52
 48     4      281.01         1.14      -111.63         9.59
 48     5      283.47        -1.32       -94.53         9.61
 48     6      280.72         1.43       -77.44         9.67
 48     7      283.64        -1.49       -60.34         9.68
 48     8      280.57         1.58       -43.24         9.71
 48     9      283.81        -1.66       -26.15         9.73
 48    10      280.44         1.71        -9.05         9.75