 49     1      265.56         -.51      -162.92         9.44
 49     2      264.40          .65      -145.82         9.46
 49     3      265.93         -.88      -128.73         9.54
 49     4      263.91         1.14      -111.63         9.55
 49     5      266.19        -1.14       -94.53         9.53
 49     6      263.62         1.43       -77.44         9.64
 49     7      266.52        -1.47       -60.34         9.66
 49     8      263.46         1.59       -43.24         9.71
 49     9      266.69        -1.64       -26.15         9.73
 49    10      263.32         1.73        -9.05         9.77
 50     1      248.46         -.51      -162.92         9.47
 50     2      247.30          .65      -145.82         9.51
 50     3      248.88         -.93      -128.73         9.53
 50     4      246.93         1.02      -111.63         9.52
 50     5      249.16        -1.21       -94.53         9.64
 50     6      246.56         1.39       -77.44         9.64
 50     7      249.45        -1.50       -60.34         9.68
 50     8      246.37         1.58       -43.24         9.70
 50     9      249.60        -1.65       -26.15         9.73
 50    10      246.25         1.70        -9.05         9.75
 51     1      231.36         -.51      -162.92         9.47
 51     2      230.14          .71      -145.82         9.51
 51     3      231.75         -.90      -128.73         9.52
 51     4      229.82         1.03      -111.63         9.60
 51     5      232.25        -1.40       -94.53         9.71
 51     6      229.42         1.43       -77.44         9.69
 51     7      232.33        -1.48       -60.34         9.68
 51     8      229.26         1.59       -43.24         9.71
 51     9      232.49        -1.64       -26.15         9.73
 51    10      229.13         1.72        -9.05         9.77
 52     1      214.27         -.52      -162.92         9.46
 52     2      213.06          .69      -145.82         9.46
 52     3      214.61         -.86      -128.73         9.51
 52     4      212.64         1.11      -111.63         9.59
 52     5      215.09        -1.34       -94.53         9.59
 52     6      212.32         1.43       -77.44         9.67
 52     7      215.24        -1.49       -60.34         9.68
 52     8      212.17         1.58       -43.24         9.71
 52     9      215.40        -1.65       -26.15         9.73
 52    10      212.04         1.71        -9.05         9.75
 53     1      197.15         -.50      -162.92         9.45
 53     2      195.99          .66      -145.82         9.47
 53     3      197.53         -.88      -128.73         9.54
 53     4      195.51         1.14      -111.63         9.54
 53     5      197.77        -1.12       -94.53         9.52
 53     6      195.22         1.43       -77.44         9.64
 53     7      198.12        -1.47       -60.34         9.67
 53     8      195.06         1.59       -43.24         9.71
 53     9      198.30        -1.65       -26.15         9.73
 53    10      194.92         1.73        -9.05         9.77
 54     1      180.06         -.51      -162.92         9.47
 54     2      178.90          .65      -145.82         9.51
 54     3      180.48         -.93      -128.73         9.54
 54     4      178.51         1.04      -111.63         9.52
 54     5      180.72        -1.17       -94.53         9.62
 54     6      178.17         1.38       -77.44         9.62
 54     7      181.05        -1.50       -60.34         9.68
 54     8      177.98         1.57       -43.24         9.70
 54     9      181.20        -1.65       -26.15         9.73
 54    10      177.85         1.70        -9.05         9.75
 55     1      162.96         -.51      -162.92         9.47
 55     2      161.75          .70      -145.82         9.51
 55     3      163.35         -.90      -128.73         9.52
 55     4      161.42         1.03      -111.63         9.59
 55     5      163.82        -1.37       -94.53         9.70
 55     6      161.06         1.39       -77.44         9.67
 55     7      163.92        -1.47       -60.34         9.67
 55     8      160.86         1.59       -43.24         9.71
 55     9      164.09        -1.64       -26.15         9.73
 55    10      160.73         1.72        -9.05         9.77
 56     1      145.87         -.52      -162.92         9.46
 56     2      144.66          .69      -145.82         9.46
 56     3      146.21         -.86      -128.73         9.52
 56     4      144.24         1.11      -111.63         9.59
 56     5      146.70        -1.35       -94.53         9.62
 56     6      143.92         1.43       -77.44         9.68
 56     7      146.84        -1.49       -60.34         9.69
 56     8      143.77         1.58       -43.24         9.70
 56     9      147.00        -1.65       -26.15         9.73
 56    10      143.64         1.71        -9.05         9.75