  1    11     1087.59        -1.74         9.05         9.77
  1    12     1084.19         1.66        26.15         9.74
  1    13     1087.42        -1.57        43.24         9.71
  1    14     1084.38         1.47        60.34         9.67
  1    15     1087.22        -1.37        77.44         9.63
  1    16     1084.60         1.25        94.53         9.59
  1    17     1086.95        -1.10       111.63         9.57
  1    18     1084.93          .92       128.73         9.52
  1    19     1086.54         -.69       145.82         9.48
  1    20     1085.33          .52       162.92         9.46
  2    11     1070.43        -1.68         9.05         9.74
  2    12     1067.09         1.66        26.15         9.74
  2    13     1070.32        -1.57        43.24         9.71
  2    14     1067.31         1.44        60.34         9.67
  2    15     1070.18        -1.43        77.44         9.66
  2    16     1067.59         1.16        94.53         9.57
  2    17     1069.85        -1.10       111.63         9.54
  2    18     1067.87          .88       128.73         9.50
  2    19     1069.44         -.69       145.82         9.47
  2    20     1068.24          .51       162.92         9.46
  3    11     1053.33        -1.68         9.05         9.74
  3    12     1050.01         1.64        26.15         9.73
  3    13     1053.20        -1.55        43.24         9.70
  3    14     1050.15         1.50        60.34         9.69
  3    15     1053.01        -1.36        77.44         9.62
  3    16     1050.41         1.24        94.53         9.61
  3    17     1052.69        -1.04       111.63         9.56
  3    18     1050.74          .91       128.73         9.52
  3    19     1052.30         -.65       145.82         9.46
  3    20     1051.14          .51       162.92         9.45
  4    11     1036.27        -1.72         9.05         9.77
  4    12     1032.94         1.61        26.15         9.72
  4    13     1036.13        -1.58        43.24         9.71
  4    14     1033.10         1.45        60.34         9.66
  4    15     1035.92        -1.37        77.44         9.63
  4    16     1033.40         1.15        94.53         9.54
  4    17     1035.63        -1.08       111.63         9.55
  4    18     1033.69          .86       128.73         9.50
  4    19     1035.23         -.68       145.82         9.49
  4    20     1034.04          .51       162.92         9.44
  5    11     1019.15        -1.70         9.05         9.74
  5    12     1015.79         1.66        26.15         9.75
  5    13     1019.00        -1.55        43.24         9.69
  5    14     1015.99         1.46        60.34         9.68
  5    15     1018.84        -1.39        77.44         9.66
  5    16     1016.25         1.20        94.53         9.61
  5    17     1018.50        -1.05       111.63         9.57
  5    18     1016.53          .92       128.73         9.53
  5    19     1018.14         -.69       145.82         9.48
  5    20     1016.94          .51       162.92         9.48
  6    11     1002.06        -1.71         9.05         9.76
  6    12      998.67         1.68        26.15         9.74
  6    13     1001.93        -1.58        43.24         9.72
  6    14      998.88         1.47        60.34         9.67
  6    15     1001.73        -1.38        77.44         9.62
  6    16      999.17         1.18        94.53         9.57
  6    17     1001.44        -1.09       111.63         9.56
  6    18      999.44          .91       128.73         9.53
  6    19     1001.05         -.70       145.82         9.48
  6    20      999.83          .52       162.92         9.43
  7    11      984.96        -1.71         9.05         9.75
  7    12      981.60         1.65        26.15         9.73
  7    13      984.81        -1.56        43.24         9.70
  7    14      981.76         1.49        60.34         9.68
  7    15      984.61        -1.36        77.44         9.64
  7    16      982.02         1.23        94.53         9.59
  7    17      984.32        -1.07       111.63         9.56
  7    18      982.32          .93       128.73         9.51
  7    19      983.92         -.67       145.82         9.46
  7    20      982.74          .51       162.92         9.46
  8    11      967.85        -1.70         9.05         9.76
  8    12      964.53         1.62        26.15         9.72
  8    13      967.71        -1.56        43.24         9.69
  8    14      964.72         1.43        60.34         9.65
  8    15      967.58        -1.43        77.44         9.67
  8    16      964.96         1.19        94.53         9.57
  8    17      967.20        -1.05       111.63         9.52
  8    18      965.29          .86       128.73         9.48
  8    19      966.82         -.67       145.82         9.47
  8    20      965.65          .50       162.92         9.45