  9    11      950.77        -1.72         9.05         9.76
  9    12      947.40         1.65        26.15         9.75
  9    13      950.58        -1.53        43.24         9.69
  9    14      947.55         1.50        60.34         9.69
  9    15      950.42        -1.37        77.44         9.63
  9    16      947.78         1.27        94.53         9.61
  9    17      950.07        -1.02       111.63         9.58
  9    18      948.15          .90       128.73         9.52
  9    19      949.70         -.65       145.82         9.48
  9    20      948.53          .52       162.92         9.47
 10    11      933.66        -1.71         9.05         9.76
 10    12      930.28         1.67        26.15         9.74
 10    13      933.55        -1.60        43.24         9.72
 10    14      930.52         1.43        60.34         9.66
 10    15      933.36        -1.41        77.44         9.64
 10    16      930.83         1.12        94.53         9.54
 10    17      933.09        -1.14       111.63         9.57
 10    18      931.10          .85       128.73         9.51
 10    19      932.66         -.71       145.82         9.50
 10    20      931.45          .50       162.92         9.44
 11    11      916.55        -1.70         9.05         9.75
 11    12      913.20         1.65        26.15         9.73
 11    13      916.39        -1.54        43.24         9.68
 11    14      913.36         1.49        60.34         9.69
 11    15      916.23        -1.38        77.44         9.65
 11    16      913.61         1.24        94.53         9.63
 11    17      915.92        -1.07       111.63         9.53
 11    18      913.94          .91       128.73         9.52
 11    19      915.52         -.67       145.82         9.45
 11    20      914.34          .51       162.92         9.48
 12    11      899.46        -1.71         9.05         9.76
 12    12      896.13         1.62        26.15         9.72
 12    13      899.30        -1.55        43.24         9.70
 12    14      896.28         1.47        60.34         9.66
 12    15      899.16        -1.41        77.44         9.66
 12    16      896.39         1.36        94.53         9.66
 12    17      898.84        -1.09       111.63         9.58
 12    18      896.84          .91       128.73         9.49
 12    19      898.44         -.69       145.82         9.48
 12    20      897.25          .50       162.92         9.43
 13    11      882.35        -1.70         9.05         9.75
 13    12      879.00         1.65        26.15         9.74
 13    13      882.21        -1.56        43.24         9.70
 13    14      879.20         1.45        60.34         9.67
 13    15      882.03        -1.38        77.44         9.62
 13    16      879.37         1.28        94.53         9.58
 13    17      881.79        -1.14       111.63         9.56
 13    18      879.77          .88       128.73         9.52
 13    19      881.33         -.68       145.82         9.46
 13    20      880.15          .50       162.92         9.47
 14    11      865.26        -1.71         9.05         9.76
 14    12      861.89         1.66        26.15         9.74
 14    13      865.13        -1.58        43.24         9.72
 14    14      862.05         1.50        60.34         9.68
 14    15      864.84        -1.29        77.44         9.60
 14    16      862.33         1.22        94.53         9.59
 14    17      864.62        -1.07       111.63         9.54
 14    18      862.61          .94       128.73         9.52
 14    19      864.20         -.65       145.82         9.47
 14    20      863.04          .51       162.92         9.46
 15    11      848.16        -1.71         9.05         9.75
 15    12      844.79         1.66        26.15         9.73
 15    13      848.02        -1.57        43.24         9.70
 15    14      844.96         1.49        60.34         9.66
 15    15      847.67        -1.22        77.44         9.57
 15    16      845.25         1.20        94.53         9.57
 15    17      847.51        -1.06       111.63         9.55
 15    18      845.57          .88       128.73         9.50
 15    19      847.14         -.69       145.82         9.48
 15    20      845.95          .50       162.92         9.44
 16    11      831.06        -1.71         9.05         9.75
 16    12      827.72         1.63        26.15         9.72
 16    13      830.90        -1.55        43.24         9.69
 16    14      827.93         1.42        60.34         9.65
 16    15      830.70        -1.35        77.44         9.67
 16    16      828.15         1.20        94.53         9.59
 16    17      830.42        -1.07       111.63         9.56
 16    18      828.45          .90       128.73         9.52
 16    19      830.02         -.67       145.82         9.48
 16    20      828.82          .53       162.92         9.48