 17    11      813.96        -1.71         9.05         9.76
 17    12      810.60         1.65        26.15         9.74
 17    13      813.78        -1.53        43.24         9.70
 17    14      810.76         1.49        60.34         9.70
 17    15      813.68        -1.43        77.44         9.66
 17    16      811.04         1.21        94.53         9.59
 17    17      813.32        -1.07       111.63         9.55
 17    18      811.37          .88       128.73         9.52
 17    19      812.94         -.69       145.82         9.47
 17    20      811.74          .51       162.92         9.44
 18    11      796.87        -1.72         9.05         9.75
 18    12      793.52         1.63        26.15         9.72
 18    13      796.74        -1.59        43.24         9.72
 18    14      793.64         1.51        60.34         9.69
 18    15      796.51        -1.36        77.44         9.60
 18    16      793.94         1.21        94.53         9.59
 18    17      796.20        -1.05       111.63         9.55
 18    18      794.24          .91       128.73         9.51
 18    19      795.81         -.66       145.82         9.48
 18    20      794.63          .52       162.92         9.45
 19    11      779.75        -1.70         9.05         9.75
 19    12      776.39         1.66        26.15         9.74
 19    13      779.61        -1.56        43.24         9.69
 19    14      776.54         1.51        60.34         9.66
 19    15      779.24        -1.19        77.44         9.54
 19    16      776.84         1.21        94.53         9.56
 19    17      779.08        -1.03       111.63         9.54
 19    18      777.17          .88       128.73         9.49
 19    19      778.74         -.69       145.82         9.47
 19    20      777.55          .50       162.92         9.47
 20    11      762.68        -1.73         9.05         9.77
 20    12      759.30         1.65        26.15         9.74
 20    13      762.49        -1.54        43.24         9.69
 20    14      759.55         1.40        60.34         9.63
 20    15      762.26        -1.31        77.44         9.64
 20    16      759.81         1.14        94.53         9.55
 20    17      762.04        -1.09       111.63         9.59
 20    18      760.05          .90       128.73         9.52
 20    19      761.62         -.67       145.82         9.47
 20    20      760.43          .52       162.92         9.45
 21    11      745.53        -1.68         9.05         9.73
 21    12      742.19         1.66        26.15         9.73
 21    13      745.38        -1.53        43.24         9.71
 21    14      742.35         1.50        60.34         9.72
 21    15      745.34        -1.49        77.44         9.72
 21    16      742.66         1.19        94.53         9.61
 21    17      744.93        -1.08       111.63         9.56
 21    18      742.93          .92       128.73         9.54
 21    19      744.52         -.67       145.82         9.47
 21    20      743.34          .51       162.92         9.45
 22    11      728.42        -1.67         9.05         9.74
 22    12      725.15         1.60        26.15         9.71
 22    13      728.36        -1.61        43.24         9.72
 22    14      725.22         1.53        60.34         9.70
 22    15      728.16        -1.41        77.44         9.60
 22    16      725.50         1.25        94.53         9.62
 22    17      727.80        -1.05       111.63         9.53
 22    18      725.82          .93       128.73         9.49
 22    19      727.42         -.67       145.82         9.49
 22    20      726.23          .52       162.92         9.45
 23    11      711.34        -1.69         9.05         9.76
 23    12      707.98         1.67        26.15         9.76
 23    13      711.21        -1.56        43.24         9.69
 23    14      708.11         1.54        60.34         9.66
 23    15      710.83        -1.18        77.44         9.53
 23    16      708.31         1.34        94.53         9.61
 23    17      710.74        -1.09       111.63         9.60
 23    18      708.76          .89       128.73         9.53
 23    19      710.36         -.71       145.82         9.48
 23    20      709.14          .51       162.92         9.46
 24    11      694.29        -1.74         9.05         9.77
 24    12      690.88         1.67        26.15         9.74
 24    13      694.10        -1.55        43.24         9.68
 24    14      691.18         1.37        60.34         9.62
 24    15      693.85        -1.30        77.44         9.65
 24    16      691.41         1.14        94.53         9.51
 24    17      693.60        -1.05       111.63         9.51
 24    18      691.63          .92       128.73         9.53
 24    19      693.22         -.67       145.82         9.46
 24    20      692.03          .52       162.92         9.45