 33    11      540.41        -1.76         9.05         9.78
 33    12      536.97         1.68        26.15         9.75
 33    13      540.24        -1.59        43.24         9.71
 33    14      537.16         1.49        60.34         9.68
 33    15      540.03        -1.38        77.44         9.65
 33    16      537.39         1.26        94.53         9.61
 33    17      539.76        -1.11       111.63         9.59
 33    18      537.72          .93       128.73         9.55
 33    19      539.35         -.70       145.82         9.50
 33    20      538.13          .52       162.92         9.47
 34    11      523.25        -1.70         9.05         9.74
 34    12      519.86         1.69        26.15         9.75
 34    13      523.14        -1.59        43.24         9.71
 34    14      520.08         1.47        60.34         9.68
 34    15      522.94        -1.39        77.44         9.64
 34    16      520.38         1.18        94.53         9.56
 34    17      522.60        -1.05       111.63         9.53
 34    18      520.64          .91       128.73         9.52
 34    19      522.24         -.69       145.82         9.49
 34    20      521.04          .51       162.92         9.46
 35    11      506.17        -1.72         9.05         9.76
 35    12      502.78         1.67        26.15         9.74
 35    13      506.03        -1.58        43.24         9.71
 35    14      502.97         1.48        60.34         9.68
 35    15      505.86        -1.41        77.44         9.66
 35    16      503.29         1.16        94.53         9.59
 35    17      505.50        -1.05       111.63         9.58
 35    18      503.57          .88       128.73         9.51
 35    19      505.13         -.68       145.82         9.49
 35    20      503.94          .51       162.92         9.47
 36    11      489.08        -1.73         9.05         9.76
 36    12      485.70         1.65        26.15         9.73
 36    13      488.93        -1.58        43.24         9.71
 36    14      485.86         1.49        60.34         9.68
 36    15      488.72        -1.37        77.44         9.63
 36    16      486.15         1.20        94.53         9.59
 36    17      488.46        -1.11       111.63         9.60
 36    18      486.49          .86       128.73         9.55
 36    19      488.05         -.70       145.82         9.50
 36    20      486.84          .51       162.92         9.47
 37    11      471.96        -1.71         9.05         9.75
 37    12      468.60         1.65        26.15         9.73
 37    13      471.83        -1.58        43.24         9.71
 37    14      468.79         1.46        60.34         9.67
 37    15      471.67        -1.42        77.44         9.67
 37    16      469.03         1.22        94.53         9.60
 37    17      471.29        -1.04       111.63         9.54
 37    18      469.31          .94       128.73         9.53
 37    19      470.92         -.67       145.82         9.48
 37    20      469.74          .51       162.92         9.47
 38    11      454.88        -1.73         9.05         9.76
 38    12      451.49         1.66        26.15         9.74
 38    13      454.73        -1.58        43.24         9.71
 38    14      451.67         1.48        60.34         9.69
 38    15      454.54        -1.39        77.44         9.63
 38    16      451.98         1.17        94.53         9.56
 38    17      454.20        -1.05       111.63         9.57
 38    18      452.23          .92       128.73         9.52
 38    19      453.84         -.69       145.82         9.50
 38    20      452.65          .50       162.92         9.45
 39    11      437.77        -1.72         9.05         9.76
 39    12      434.39         1.66        26.15         9.74
 39    13      437.64        -1.59        43.24         9.71
 39    14      434.56         1.49        60.34         9.68
 39    15      437.44        -1.39        77.44         9.65
 39    16      434.89         1.16        94.53         9.60
 39    17      437.17        -1.12       111.63         9.61
 39    18      435.16          .89       128.73         9.53
 39    19      436.75         -.70       145.82         9.49
 39    20      435.53          .52       162.92         9.49
 40    11      420.67        -1.72         9.05         9.76
 40    12      417.29         1.66        26.15         9.74
 40    13      420.54        -1.59        43.24         9.71
 40    14      417.47         1.48        60.34         9.68
 40    15      420.32        -1.37        77.44         9.64
 40    16      417.73         1.22        94.53         9.59
 40    17      419.98        -1.03       111.63         9.52
 40    18      418.02          .93       128.73         9.55
 40    19      419.65         -.70       145.82         9.51
 40    20      418.41          .54       162.92         9.48