 41    11      403.59        -1.74         9.05         9.77
 41    12      400.20         1.65        26.15         9.73
 41    13      403.43        -1.58        43.24         9.71
 41    14      400.39         1.46        60.34         9.67
 41    15      403.29        -1.44        77.44         9.68
 41    16      400.64         1.21        94.53         9.60
 41    17      402.90        -1.05       111.63         9.59
 41    18      400.94          .91       128.73         9.51
 41    19      402.54         -.69       145.82         9.48
 41    20      401.33          .52       162.92         9.45
 42    11      386.46        -1.71         9.05         9.74
 42    12      383.08         1.67        26.15         9.74
 42    13      386.32        -1.57        43.24         9.71
 42    14      383.25         1.50        60.34         9.70
 42    15      386.12        -1.37        77.44         9.61
 42    16      383.57         1.18        94.53         9.58
 42    17      385.82        -1.07       111.63         9.55
 42    18      383.89          .86       128.73         9.51
 42    19      385.43         -.68       145.82         9.48
 42    20      384.24          .51       162.92         9.48
 43    11      369.38        -1.73         9.05         9.76
 43    12      365.99         1.66        26.15         9.73
 43    13      369.25        -1.60        43.24         9.72
 43    14      366.12         1.53        60.34         9.68
 43    15      368.93        -1.28        77.44         9.61
 43    16      366.37         1.28        94.53         9.63
 43    17      368.71        -1.06       111.63         9.56
 43    18      366.77          .88       128.73         9.53
 43    19      368.32         -.67       145.82         9.49
 43    20      367.13          .52       162.92         9.46
 44    11      352.27        -1.72         9.05         9.75
 44    12      348.89         1.66        26.15         9.74
 44    13      352.12        -1.57        43.24         9.69
 44    14      349.10         1.45        60.34         9.65
 44    15      351.88        -1.33        77.44         9.65
 44    16      349.19         1.36        94.53         9.65
 44    17      351.65        -1.10       111.63         9.59
 44    18      349.62          .93       128.73         9.55
 44    19      351.26         -.71       145.82         9.52
 44    20      350.05          .50       162.92         9.47
 45    11      335.18        -1.73         9.05         9.77
 45    12      331.78         1.67        26.15         9.74
 45    13      334.99        -1.54        43.24         9.69
 45    14      332.00         1.45        60.34         9.68
 45    15      334.90        -1.45        77.44         9.69
 45    16      332.16         1.29        94.53         9.60
 45    17      334.56        -1.11       111.63         9.57
 45    18      332.53          .92       128.73         9.52
 45    19      334.14         -.69       145.82         9.47
 45    20      332.94          .51       162.92         9.49
 46    11      318.07        -1.72         9.05         9.75
 46    12      314.68         1.67        26.15         9.73
 46    13      317.93        -1.58        43.24         9.73
 46    14      314.83         1.52        60.34         9.71
 46    15      317.73        -1.38        77.44         9.60
 46    16      315.22         1.13        94.53         9.56
 46    17      317.42        -1.07       111.63         9.53
 46    18      315.47          .88       128.73         9.50
 46    19      317.00         -.65       145.82         9.47
 46    20      315.81          .54       162.92         9.47
 47    11      300.97        -1.72         9.05         9.75
 47    12      297.60         1.65        26.15         9.73
 47    13      300.84        -1.59        43.24         9.71
 47    14      297.67         1.58        60.34         9.68
 47    15      300.43        -1.18        77.44         9.56
 47    16      298.01         1.24        94.53         9.62
 47    17      300.30        -1.05       111.63         9.59
 47    18      298.36          .89       128.73         9.53
 47    19      299.91         -.66       145.82         9.49
 47    20      298.75          .50       162.92         9.44
 48    11      283.89        -1.74         9.05         9.77
 48    12      280.50         1.65        26.15         9.74
 48    13      283.73        -1.58        43.24         9.69
 48    14      280.75         1.40        60.34         9.62
 48    15      283.47        -1.32        77.44         9.67
 48    16      280.89         1.26        94.53         9.61
 48    17      283.30        -1.15       111.63         9.61
 48    18      281.26          .89       128.73         9.55
 48    19      282.87         -.72       145.82         9.53
 48    20      281.64          .51       162.92         9.48