  9     1      949.56         -.51      -162.92         9.45
  9     2      948.37          .68      -145.82         9.47
  9     3      949.94         -.89      -128.73         9.52
  9     4      947.96         1.09      -111.63         9.59
  9     5      950.40        -1.35       -94.53         9.66
  9     6      947.69         1.36       -77.44         9.65
  9     7      950.50        -1.45       -60.34         9.66
  9     8      947.47         1.58       -43.24         9.71
  9     9      950.68        -1.63       -26.15         9.73
  9    10      947.32         1.73        -9.05         9.77
 10     1      932.46         -.51      -162.92         9.47
 10     2      931.29          .66      -145.82         9.49
 10     3      932.84         -.89      -128.73         9.52
 10     4      930.85         1.10      -111.63         9.57
 10     5      933.24        -1.29       -94.53         9.60
 10     6      930.53         1.42       -77.44         9.68
 10     7      933.44        -1.49       -60.34         9.69
 10     8      930.36         1.59       -43.24         9.71
 10     9      933.61        -1.66       -26.15         9.74
 10    10      930.25         1.70        -9.05         9.75
 11     1      915.35         -.50      -162.92         9.47
 11     2      914.14          .71      -145.82         9.51
 11     3      915.72         -.87      -128.73         9.53
 11     4      913.73         1.12      -111.63         9.55
 11     5      915.97        -1.12       -94.53         9.54
 11     6      913.41         1.44       -77.44         9.64
 11     7      916.34        -1.49       -60.34         9.67
 11     8      913.27         1.58       -43.24         9.71
 11     9      916.51        -1.66       -26.15         9.74
 11    10      913.13         1.72        -9.05         9.76
 12     1      898.27         -.52      -162.92         9.46
 12     2      897.08          .67      -145.82         9.48
 12     3      898.68         -.93      -128.73         9.54
 12     4      896.73         1.02      -111.63         9.53
 12     5      898.99        -1.24       -94.53         9.64
 12     6      896.39         1.36       -77.44         9.62
 12     7      899.25        -1.50       -60.34         9.68
 12     8      896.16         1.59       -43.24         9.71
 12     9      899.40        -1.65       -26.15         9.73
 12    10      896.03         1.72        -9.05         9.76
 13     1      881.15         -.50      -162.92         9.45
 13     2      879.97          .68      -145.82         9.48
 13     3      881.56         -.91      -128.73         9.52
 13     4      879.56         1.09      -111.63         9.62
 13     5      882.02        -1.37       -94.53         9.68
 13     6      879.28         1.37       -77.44         9.66
 13     7      882.09        -1.44       -60.34         9.66
 13     8      879.06         1.59       -43.24         9.71
 13     9      882.30        -1.65       -26.15         9.73
 13    10      878.94         1.71        -9.05         9.75
 14     1      864.07         -.52      -162.92         9.49
 14     2      862.86          .69      -145.82         9.49
 14     3      864.45         -.90      -128.73         9.53
 14     4      862.39         1.16      -111.63         9.59
 14     5      864.87        -1.32       -94.53         9.60
 14     6      862.13         1.42       -77.44         9.69
 14     7      865.05        -1.50       -60.34         9.70
 14     8      861.96         1.59       -43.24         9.70
 14     9      865.20        -1.65       -26.15         9.73
 14    10      861.82         1.73        -9.05         9.77
 15     1      846.98         -.53      -162.92         9.47
 15     2      845.75          .70      -145.82         9.51
 15     3      847.37         -.92      -128.73         9.54
 15     4      845.32         1.13      -111.63         9.53
 15     5      847.56        -1.11       -94.53         9.51
 15     6      845.01         1.44       -77.44         9.65
 15     7      847.95        -1.50       -60.34         9.68
 15     8      844.88         1.57       -43.24         9.71
 15     9      848.10        -1.65       -26.15         9.73
 15    10      844.75         1.70        -9.05         9.75
 16     1      829.86         -.51      -162.92         9.44
 16     2      828.66          .69      -145.82         9.48
 16     3      830.27         -.92      -128.73         9.52
 16     4      828.30         1.05      -111.63         9.54
 16     5      830.49        -1.14       -94.53         9.61
 16     6      827.98         1.37       -77.44         9.63
 16     7      830.84        -1.49       -60.34         9.66
 16     8      827.75         1.60       -43.24         9.72
 16     9      830.99        -1.64       -26.15         9.74
 16    10      827.61         1.74        -9.05         9.77