 25     1      675.99         -.54      -162.92         9.47
 25     2      674.77          .68      -145.82         9.48
 25     3      676.33         -.88      -128.73         9.52
 25     4      674.40         1.05      -111.63         9.55
 25     5      676.67        -1.22       -94.53         9.65
 25     6      674.10         1.35       -77.44         9.62
 25     7      676.95        -1.50       -60.34         9.68
 25     8      673.88         1.57       -43.24         9.70
 25     9      677.11        -1.66       -26.15         9.73
 25    10      673.73         1.72        -9.05         9.76
 26     1      658.84         -.49      -162.92         9.44
 26     2      657.65          .70      -145.82         9.49
 26     3      659.22         -.87      -128.73         9.52
 26     4      657.30         1.05      -111.63         9.58
 26     5      659.70        -1.35       -94.53         9.65
 26     6      657.05         1.30       -77.44         9.63
 26     7      659.79        -1.44       -60.34         9.64
 26     8      656.76         1.59       -43.24         9.71
 26     9      659.99        -1.64       -26.15         9.73
 26    10      656.63         1.72        -9.05         9.76
 27     1      641.76         -.51      -162.92         9.48
 27     2      640.55          .70      -145.82         9.49
 27     3      642.14         -.89      -128.73         9.54
 27     4      640.09         1.16      -111.63         9.60
 27     5      642.56        -1.31       -94.53         9.64
 27     6      639.77         1.48       -77.44         9.71
 27     7      642.79        -1.54       -60.34         9.73
 27     8      639.66         1.59       -43.24         9.70
 27     9      642.90        -1.65       -26.15         9.73
 27    10      639.53         1.72        -9.05         9.76
 28     1      624.68         -.53      -162.92         9.49
 28     2      623.48          .67      -145.82         9.49
 28     3      625.10         -.95      -128.73         9.51
 28     4      623.13         1.02      -111.63         9.52
 28     5      625.46        -1.31       -94.53         9.60
 28     6      622.71         1.44       -77.44         9.67
 28     7      625.71        -1.56       -60.34         9.68
 28     8      622.58         1.57       -43.24         9.71
 28     9      625.80        -1.65       -26.15         9.73
 28    10      622.43         1.72        -9.05         9.77
 29     1      607.56         -.51      -162.92         9.46
 29     2      606.30          .75      -145.82         9.51
 29     3      607.88         -.83      -128.73         9.50
 29     4      605.93         1.12      -111.63         9.58
 29     5      608.17        -1.12       -94.53         9.54
 29     6      605.62         1.43       -77.44         9.62
 29     7      608.46        -1.41       -60.34         9.63
 29     8      605.41         1.64       -43.24         9.73
 29     9      608.68        -1.63       -26.15         9.73
 29    10      605.34         1.71        -9.05         9.75
 30     1      590.49         -.54      -162.92         9.47
 30     2      589.29          .66      -145.82         9.43
 30     3      590.86         -.91      -128.73         9.55
 30     4      588.86         1.09      -111.63         9.57
 30     5      591.20        -1.25       -94.53         9.65
 30     6      588.68         1.27       -77.44         9.60
 30     7      591.48        -1.53       -60.34         9.73
 30     8      588.40         1.55       -43.24         9.67
 30     9      591.63        -1.68       -26.15         9.75
 30    10      588.23         1.72        -9.05         9.76
 31     1      573.33         -.48      -162.92         9.41
 31     2      572.19          .66      -145.82         9.51
 31     3      573.73         -.88      -128.73         9.51
 31     4      571.75         1.10      -111.63         9.59
 31     5      574.16        -1.31       -94.53         9.63
 31     6      571.58         1.27       -77.44         9.62
 31     7      574.31        -1.46       -60.34         9.65
 31     8      571.31         1.54       -43.24         9.71
 31     9      574.50        -1.65       -26.15         9.73
 31    10      571.12         1.73        -9.05         9.77
 32     1      556.24         -.49      -162.92         9.51
 32     2      555.05          .70      -145.82         9.49
 32     3      556.63         -.88      -128.73         9.52
 32     4      554.67         1.08      -111.63         9.56
 32     5      557.10        -1.35       -94.53         9.64
 32     6      554.37         1.38       -77.44         9.68
 32     7      557.25        -1.50       -60.34         9.70
 32     8      554.12         1.63       -43.24         9.73
 32     9      557.40        -1.65       -26.15         9.74
 32    10      554.02         1.73        -9.05         9.75