 57     1      128.76         -.51      -162.92         9.45
 57     2      127.60          .65      -145.82         9.47
 57     3      129.13         -.88      -128.73         9.52
 57     4      127.16         1.09      -111.63         9.53
 57     5      129.44        -1.19       -94.53         9.54
 57     6      126.82         1.43       -77.44         9.64
 57     7      129.74        -1.49       -60.34         9.67
 57     8      126.67         1.58       -43.24         9.71
 57     9      129.90        -1.65       -26.15         9.73
 57    10      126.52         1.73        -9.05         9.77
 58     1      111.65         -.50      -162.92         9.47
 58     2      110.48          .67      -145.82         9.51
 58     3      112.05         -.90      -128.73         9.53
 58     4      110.08         1.07      -111.63         9.55
 58     5      112.34        -1.19       -94.53         9.63
 58     6      109.75         1.40       -77.44         9.63
 58     7      112.64        -1.49       -60.34         9.67
 58     8      109.57         1.58       -43.24         9.71
 58     9      112.80        -1.65       -26.15         9.73
 58    10      109.44         1.71        -9.05         9.75
 59     1       94.57         -.52      -162.92         9.48
 59     2       93.37          .69      -145.82         9.49
 59     3       94.96         -.91      -128.73         9.52
 59     4       93.02         1.03      -111.63         9.58
 59     5       95.43        -1.38       -94.53         9.69
 59     6       92.67         1.38       -77.44         9.67
 59     7       95.52        -1.47       -60.34         9.68
 59     8       92.45         1.60       -43.24         9.71
 59     9       95.70        -1.65       -26.15         9.73
 59    10       92.33         1.72        -9.05         9.76
 60     1       77.46         -.51      -162.92         9.46
 60     2       76.23          .72      -145.82         9.49
 60     3       77.84         -.89      -128.73         9.54
 60     4       75.77         1.18      -111.63         9.62
 60     5       78.27        -1.32       -94.53         9.60
 60     6       75.51         1.44       -77.44         9.69
 60     7       78.44        -1.49       -60.34         9.68
 60     8       75.38         1.57       -43.24         9.70
 60     9       78.60        -1.65       -26.15         9.73
 60    10       75.24         1.71        -9.05         9.75
 61     1       60.37         -.52      -162.92         9.46
 61     2       59.17          .68      -145.82         9.48
 61     3       60.80         -.95      -128.73         9.55
 61     4       58.63         1.22      -111.63         9.58
 61     5       61.00        -1.15       -94.53         9.52
 61     6       58.42         1.43       -77.44         9.64
 61     7       61.34        -1.49       -60.34         9.67
 61     8       58.27         1.58       -43.24         9.71
 61     9       61.49        -1.64       -26.15         9.73
 61    10       58.11         1.74        -9.05         9.77
 62     1       43.24         -.49      -162.92         9.46
 62     2       42.04          .71      -145.82         9.50
 62     3       43.64         -.89      -128.73         9.48
 62     4       41.67         1.08      -111.63         9.50
 62     5       43.90        -1.15       -94.53         9.61
 62     6       41.35         1.40       -77.44         9.65
 62     7       44.25        -1.50       -60.34         9.68
 62     8       41.16         1.59       -43.24         9.71
 62     9       44.40        -1.65       -26.15         9.73
 62    10       41.06         1.69        -9.05         9.74
 63     1       26.17         -.52      -162.92         9.48
 63     2       24.96          .69      -145.82         9.47
 63     3       26.49         -.84      -128.73         9.51
 63     4       24.63         1.02      -111.63         9.56
 63     5       26.88        -1.23       -94.53         9.62
 63     6       24.26         1.39       -77.44         9.64
 63     7       27.10        -1.45       -60.34         9.65
 63     8       24.06         1.60       -43.24         9.71
 63     9       27.30        -1.65       -26.15         9.73
 63    10       23.93         1.72        -9.05         9.77
 64     1        9.07         -.52      -162.92         9.46
 64     2        7.90          .65      -145.82         9.46
 64     3        9.42         -.87      -128.73         9.55
 64     4        7.45         1.10      -111.63         9.61
 64     5        9.88        -1.33       -94.53         9.67
 64     6        7.15         1.40       -77.44         9.67
 64     7       10.05        -1.50       -60.34         9.70
 64     8        6.99         1.56       -43.24         9.69
 64     9       10.20        -1.65       -26.15         9.73
 64    10        6.84         1.71        -9.05         9.76
